0 0.354305 0.032451 0.020219 0.035153
0 0.469984 0.340472 0.054953 0.089722
0 0.346621 0.434181 0.037008 0.105667
0 0.851855 0.627576 0.091961 0.201375
0 0.501387 0.568764 0.068414 0.179444
0 0.295590 0.627576 0.067289 0.165486
0 0.134656 0.668444 0.088594 0.195389
2 0.193437 0.889806 0.176016 0.220389
0 0.343859 0.314493 0.037297 0.073264
0 0.281000 0.250736 0.038344 0.080222
0 0.431754 0.216889 0.038336 0.059806
0 0.410762 0.168438 0.027648 0.049153
0 0.343988 0.189299 0.030773 0.050069
0 0.341898 0.239611 0.033906 0.057028
0 0.240629 0.158611 0.021523 0.044056
0 0.291270 0.126160 0.020648 0.037097
0 0.336480 0.116882 0.021523 0.033236
0 0.377996 0.108382 0.025430 0.037097
0 0.329852 0.084229 0.016078 0.033625
0 0.289969 0.076507 0.019344 0.028208
0 0.325395 0.050417 0.013258 0.030139
0 0.365605 0.066069 0.020648 0.028972
