0 0.296227 0.100688 0.022734 0.036986
0 0.308078 0.495500 0.081000 0.243694
2 0.469355 0.323590 0.078367 0.149625
4 0.239098 0.417750 0.027086 0.083417
4 0.316012 0.189007 0.012570 0.049014
1 0.905566 0.461438 0.156477 0.286736
0 0.486090 0.635833 0.087867 0.164778
0 0.492707 0.461438 0.084258 0.158347
0 0.150898 0.621924 0.115547 0.192597
0 0.265270 0.320840 0.040148 0.088569
0 0.349922 0.268382 0.033375 0.067931
0 0.283406 0.225812 0.034828 0.058486
0 0.238422 0.159167 0.026125 0.047306
0 0.287277 0.146694 0.029023 0.043000
0 0.411355 0.175931 0.031445 0.046444
0 0.343391 0.197861 0.027094 0.055889
0 0.378945 0.103264 0.017891 0.016333
0 0.338555 0.131646 0.027094 0.038708
