0 0.406742 0.146688 0.027391 0.048681
0 0.390313 0.120951 0.022172 0.034319
0 0.376746 0.098931 0.022695 0.032917
0 0.350281 0.031604 0.015219 0.023569
0 0.323551 0.045125 0.015648 0.032833
0 0.360496 0.066569 0.018695 0.039417
0 0.325395 0.074875 0.018039 0.025889
0 0.290398 0.066382 0.017172 0.036708
0 0.289641 0.100965 0.019562 0.037097
4 0.308113 0.089368 0.011305 0.037097
0 0.287578 0.558361 0.071937 0.192306
0 0.228625 0.447792 0.057875 0.128833
0 0.238645 0.154799 0.025039 0.049153
0 0.483094 0.443465 0.064906 0.125958
0 0.464703 0.321833 0.037859 0.076917
0 0.431523 0.226444 0.042516 0.065389
0 0.290414 0.203021 0.032609 0.056569
0 0.330191 0.140660 0.026086 0.038486
