4 0.891128 0.385162 0.043464 0.160491
2 0.308099 0.744032 0.204792 0.471065
2 0.735234 0.749236 0.194760 0.451750
2 0.561789 0.200153 0.103651 0.203583
4 0.494083 0.881306 0.060187 0.237389
4 0.427214 0.902852 0.061854 0.194296
4 0.569312 0.801991 0.075229 0.292741
4 0.529190 0.732148 0.041797 0.206556
4 0.457305 0.693509 0.068547 0.224389
4 0.601914 0.703171 0.053495 0.243713
4 0.527938 0.548625 0.040958 0.184269
4 0.607346 0.533764 0.047641 0.172380
4 0.486143 0.457236 0.042630 0.185750
4 0.540893 0.435685 0.053495 0.187241
4 0.846409 0.721745 0.057672 0.257083
4 0.893219 0.512958 0.049312 0.202102
4 0.839305 0.521875 0.046807 0.148602
4 0.840977 0.429741 0.046807 0.145630
4 0.910354 0.275199 0.043469 0.178324
4 0.857693 0.181579 0.026750 0.092139
4 0.711831 0.452778 0.066036 0.153056
4 0.654992 0.476556 0.025911 0.090648
4 0.611107 0.408194 0.028422 0.126315
4 0.652901 0.388134 0.035104 0.115917
4 0.667948 0.217986 0.036781 0.120361
4 0.568477 0.371792 0.040120 0.172380
4 0.525430 0.343551 0.039286 0.136713
4 0.731057 0.232847 0.034271 0.099565
0 0.407987 0.564227 0.127057 0.215472
0 0.709742 0.922912 0.187234 0.154176
0 0.458977 0.378477 0.103651 0.159009
0 0.535458 0.290060 0.099469 0.130769
0 0.767419 0.376245 0.106995 0.208046
0 0.808375 0.263310 0.085260 0.154546
0 0.749865 0.169694 0.070219 0.145630
0 0.963536 0.175634 0.072927 0.139694
0 0.079904 0.314579 0.106161 0.167917
0 0.051901 0.230616 0.073563 0.112935
0 0.135906 0.151116 0.089438 0.105509
0 0.308516 0.141458 0.081917 0.089157
