2 0.428164 0.196785 0.060656 0.103681
0 0.501977 0.686979 0.090281 0.265347
0 0.876918 0.588542 0.086664 0.196861
0 0.278520 0.226417 0.040633 0.065361
0 0.240066 0.156757 0.025633 0.051597
0 0.346727 0.216097 0.025156 0.044722
0 0.343582 0.282312 0.029508 0.048153
0 0.478063 0.440111 0.044984 0.104056
0 0.293277 0.116340 0.026602 0.036125
0 0.293762 0.072910 0.015961 0.033542
6 0.219266 0.412597 0.074984 0.143611
6 0.457984 0.320153 0.058047 0.101472
6 0.333184 0.376049 0.055148 0.132431
6 0.330281 0.076354 0.023219 0.049014
6 0.282059 0.621951 0.104492 0.346236
4 0.291633 0.328132 0.020828 0.078236
