0 0.429668 0.237660 0.027883 0.054347
0 0.412031 0.184806 0.027547 0.051361
0 0.240648 0.157104 0.025156 0.053319
0 0.286121 0.189785 0.029992 0.051597
0 0.340777 0.168278 0.026117 0.046444
0 0.397617 0.134313 0.037250 0.050736
0 0.384801 0.105938 0.019352 0.031819
0 0.371254 0.081424 0.015477 0.030958
0 0.337395 0.117111 0.026117 0.036972
0 0.291680 0.074118 0.023703 0.031819
0 0.362066 0.056056 0.017414 0.026667
0 0.501520 0.849736 0.101102 0.279889
2 0.328766 0.069625 0.032500 0.081306
0 0.475137 0.352889 0.069320 0.157833
0 0.101273 0.745826 0.136016 0.226819
0 0.260156 0.727632 0.073422 0.263208
0 0.502098 0.535049 0.063789 0.164764
0 0.338996 0.436611 0.052961 0.164778
0 0.241504 0.361715 0.048148 0.104847
0 0.346219 0.265424 0.036109 0.083458
0 0.442098 0.290215 0.028555 0.065097
