0 0.392940 0.759639 0.178880 0.228852
0 0.759896 0.934801 0.192250 0.130398
0 0.853096 0.475810 0.116193 0.202102
1 0.254604 0.107134 0.129563 0.214269
0 0.894891 0.809421 0.159656 0.292750
0 0.577253 0.294519 0.101141 0.145630
0 0.528773 0.241764 0.082755 0.135231
0 0.568896 0.184551 0.064365 0.089157
0 0.556357 0.148144 0.079411 0.102528
0 0.738997 0.137741 0.070214 0.126315
2 0.710578 0.558282 0.177208 0.474046
4 0.359089 0.538968 0.049312 0.185750
4 0.464828 0.545653 0.051823 0.184269
4 0.531279 0.762611 0.056005 0.243704
4 0.654573 0.917713 0.045135 0.164574
4 0.733146 0.747750 0.055167 0.216963
4 0.868560 0.896907 0.068547 0.206185
4 0.948388 0.952634 0.052661 0.094731
4 0.936268 0.463921 0.050151 0.193176
4 0.880263 0.387389 0.050151 0.114426
4 0.495339 0.453519 0.040958 0.139685
4 0.459393 0.383681 0.042630 0.160491
4 0.490320 0.328694 0.032599 0.133741
4 0.557195 0.353958 0.035943 0.178324
4 0.619883 0.303431 0.015880 0.092139
4 0.667948 0.284856 0.028417 0.090639
4 0.773687 0.298227 0.024240 0.081731
4 0.704727 0.280398 0.021734 0.078759
4 0.846828 0.267028 0.023406 0.102537
4 0.818406 0.238046 0.026750 0.118889
4 0.882354 0.226162 0.030927 0.118880
4 0.685500 0.221704 0.033438 0.109963
4 0.626990 0.221699 0.038448 0.118880
4 0.747357 0.243250 0.021734 0.108481
4 0.727714 0.212782 0.030927 0.112935
4 0.789151 0.224671 0.023406 0.089157
0 0.369539 0.887991 0.227359 0.224019
