0 0.291496 0.089042 0.016273 0.030056
6 0.848488 0.612028 0.135695 0.338944
6 0.452715 0.276118 0.044133 0.096264
2 0.144996 0.589097 0.124617 0.300444
0 0.345930 0.373104 0.048281 0.109375
0 0.266102 0.287951 0.031937 0.077542
0 0.350602 0.278951 0.035828 0.073375
0 0.342426 0.195882 0.022586 0.059542
0 0.421867 0.220111 0.025703 0.047083
0 0.406680 0.182035 0.026484 0.042931
0 0.388379 0.139806 0.027258 0.033222
0 0.368906 0.065729 0.017906 0.040153
0 0.342359 0.155729 0.030500 0.034625
0 0.334094 0.115472 0.020031 0.029500
0 0.331715 0.081528 0.014711 0.021694
0 0.288367 0.166667 0.031297 0.052861
0 0.238613 0.161653 0.025070 0.037278
0 0.291652 0.054542 0.014086 0.021139
0 0.482207 0.588299 0.072898 0.165486
0 0.492859 0.407861 0.069531 0.115639
