0 0.290660 0.145437 0.027258 0.056542
6 0.267559 0.281514 0.054539 0.141028
0 0.083301 0.767910 0.146023 0.244597
0 0.261129 0.710799 0.100602 0.245764
0 0.510023 0.624840 0.086969 0.209986
0 0.463945 0.361771 0.068797 0.113069
0 0.339984 0.369847 0.057109 0.103833
0 0.423707 0.208313 0.049320 0.076153
0 0.392879 0.128708 0.038289 0.069222
0 0.286766 0.205431 0.040234 0.075000
0 0.238086 0.154667 0.035047 0.072694
0 0.340633 0.131590 0.036344 0.051931
0 0.330246 0.088319 0.027258 0.041528
0 0.323109 0.043896 0.022063 0.028847
2 0.211805 0.455806 0.118766 0.231917
