0 0.240852 0.156979 0.025078 0.050514
0 0.258234 0.334896 0.060750 0.119069
0 0.333633 0.385826 0.040125 0.124819
0 0.492453 0.574549 0.053500 0.142653
0 0.479078 0.440806 0.043469 0.107000
0 0.470719 0.321188 0.046813 0.090653
0 0.445223 0.261000 0.024242 0.068361
0 0.426832 0.217903 0.022570 0.047556
0 0.403848 0.172583 0.028414 0.049028
0 0.388387 0.122062 0.019227 0.046069
0 0.334051 0.135437 0.032602 0.040125
0 0.341574 0.211215 0.032602 0.046069
0 0.356621 0.052958 0.017555 0.032694
0 0.223758 0.869146 0.095328 0.261708
0 0.128430 0.687444 0.078000 0.218778
