0 0.283938 0.213049 0.043609 0.105236
2 0.260965 0.688451 0.104383 0.277875
2 0.475953 0.369715 0.067063 0.124986
0 0.332090 0.486535 0.070305 0.133653
0 0.348313 0.229340 0.032453 0.055764
0 0.437285 0.237028 0.028664 0.059611
0 0.412676 0.172125 0.031367 0.049028
0 0.389418 0.123569 0.025961 0.040389
0 0.375898 0.090882 0.023797 0.036542
0 0.337496 0.150493 0.025961 0.036542
0 0.289363 0.120208 0.024883 0.037500
0 0.238523 0.159632 0.028125 0.049042
0 0.339121 0.103382 0.021633 0.028847
0 0.329926 0.068764 0.020555 0.040389
0 0.506441 0.842903 0.080727 0.301056
