2 0.338918 0.301389 0.052180 0.105222
0 0.321719 0.041042 0.018406 0.030722
0 0.238715 0.158896 0.025164 0.051403
0 0.283406 0.186611 0.030422 0.054750
0 0.339555 0.184938 0.030797 0.051403
0 0.361340 0.064076 0.013523 0.023375
0 0.370918 0.078104 0.012398 0.022042
0 0.385566 0.105479 0.018398 0.027375
0 0.402113 0.145146 0.016820 0.038208
0 0.431555 0.230715 0.043922 0.083069
0 0.470805 0.332896 0.030844 0.084736
0 0.496039 0.459167 0.040187 0.098028
0 0.508191 0.655222 0.071961 0.194389
0 0.217070 0.469965 0.050469 0.136236
0 0.304918 0.603722 0.074773 0.177778
