0 0.486469 0.430986 0.086359 0.123611
0 0.338992 0.285444 0.038125 0.079750
0 0.455629 0.279465 0.067289 0.099681
0 0.262172 0.326319 0.068406 0.109667
0 0.280676 0.236597 0.038133 0.049833
0 0.416938 0.201708 0.037016 0.055833
0 0.343258 0.185083 0.025297 0.052861
0 0.287699 0.167694 0.024258 0.041278
0 0.239059 0.155868 0.027133 0.054708
0 0.334520 0.129674 0.028164 0.043125
0 0.385250 0.124569 0.026859 0.037556
0 0.295137 0.086549 0.012523 0.031069
0 0.325578 0.057576 0.021375 0.031236
0 0.364977 0.055646 0.015031 0.026736
0 0.067238 0.869792 0.134477 0.260417
0 0.287898 0.583715 0.075359 0.205042
0 0.485910 0.675222 0.087477 0.221306
0 0.912078 0.491806 0.118875 0.177444
