0 0.692224 0.475782 0.150458 0.183676
0 0.803562 0.409801 0.128396 0.155139
0 0.899354 0.123597 0.055167 0.064194
0 0.778487 0.106657 0.050151 0.055278
0 0.664135 0.120917 0.038115 0.065981
0 0.166617 0.268037 0.060182 0.085593
0 0.216773 0.146778 0.046141 0.060630
0 0.286484 0.121810 0.061187 0.046361
0 0.329115 0.099523 0.038115 0.062417
0 0.111951 0.133403 0.033099 0.051713
0 0.038227 0.118245 0.042130 0.046361
0 0.641570 0.064750 0.039120 0.049926
0 0.527721 0.087037 0.046141 0.048148
0 0.277456 0.056722 0.039120 0.041019
0 0.210250 0.052269 0.031094 0.042796
2 0.447474 0.357194 0.218667 0.381611
2 0.149065 0.051097 0.079245 0.102194
